Матриця
	0.0	-71.0	152.0	144.0	160.0	-33.0	105.0	
	0.0	-81.0	27.0	48.0	216.0	144.0	152.0	
	0.0	-72.0	115.0	144.0	151.0	-24.0	112.0	
	0.0	-89.0	169.0	136.0	159.0	-41.0	111.0	
	0.0	-81.0	134.0	153.0	169.0	-31.0	104.0	
	0.0	-64.0	151.0	153.0	169.0	-31.0	112.0	
	0.0	-89.0	181.0	185.0	160.0	-24.0	104.0	

Mx	0	-78	133	138	169	-6	114	

Dx	0	90	2641	1806	466	4392	290	

sigma	0.0	9.494359227607577	51.389734012784714	42.49257638245824	21.5826208744333	66.27144756156125	17.036375648537902	

Кореляція:	
	0	0	0	0	0	0	0	
	0	1	0	0	0	0	0	
	0	0	1	1	-1	-1	-1	
	0	0	1	1	-1	-1	-1	
	0	0	-1	-1	1	1	1	
	0	0	-1	-1	1	1	1	
	0	0	-1	-1	1	1	1	

Коваріація:	
	0	0	0	0	0	0	0	
	0	77	-47	3	-15	-63	-6	
	0	-47	2264	1716	-803	-2670	-685	
	0	3	1716	1548	-685	-2185	-590	
	0	-15	-803	-685	399	1161	289	
	0	-63	-2670	-2185	1161	3764	938	
	0	-6	-685	-590	289	938	249	

Довірчі інтервали:	
	0	-85	94	106	153	-55	102	
	0	-71	171	169	185	44	127	